==> 30s_results/changepoint/sg0_targets/time_series_analysis_standardized_output_f201905_l202004_afirst_cfirst_mcosine_k25_s1000_p0.05_g0_v75.tsv <==
corona	202001	0.0	3.8750517504793702	2.5304892912012567
stimulus	202002	0.0	3.6064254979283774	0.34152227609107516
Corona	202002	0.0	3.086325182195692	2.6588197088052428
quarantine	202002	0.0	2.850825691097716	0.39542507411037
rona	202002	0.0	2.8338117479693374	1.3577273797194709
simp	202003	0.0	1.0019636086790011	0.29007400675583433
mald	201910	0.0	0.6851830450385172	0.6733881229258606
virus	202002	0.001	2.367809304428336	0.5167161841343858
hong	201906	0.006	0.8880723666295521	0.13419229492177545

==> 30s_results/changepoint/sg0_targets/time_series_analysis_standardized_output_f201905_l202004_alast_clast_mcosine_k25_s1000_p0.05_g0_v75.tsv <==
rona	202002	0.0	4.1577783375837125	0.23324563269414597
corona	201912	0.0	4.136370937368995	2.6688839037084566
lockdown	202002	0.0	4.048318892916775	1.4307734904115947
Quarantine	202002	0.0	3.839029200086515	2.6408325597926585
Corona	201912	0.0	3.7377838438857234	2.4623862323138055
simp	201909	0.0	1.8199262583427864	0.7930880358741393
virus	201912	0.0	1.8119794794080815	0.2932567166761161
lockdowns	201912	0.0	1.3491145764454644	2.191676407615608
boomer	201907	0.0	0.9817162178415163	0.07268672475693773
hongkong	201905	0.0	0.7722830347235796	1.057310547698802
quarantine	202002	0.001	4.2552782225297365	1.3849197690402542
mald	201905	0.007	2.001367629916201	1.1499643005023714
stimulus	202002	0.024	3.952231819521874	3.7540796562061094

==> 30s_results/changepoint/sg1_targets/time_series_analysis_standardized_output_f201905_l202004_afirst_cfirst_mcosine_k25_s1000_p0.05_g0_v75.tsv <==
rona	202002	0.0	2.692978591142173	1.3701605983644876
stimulus	202002	0.0	2.181050013938052	1.1426154793737644
quarantine	202002	0.0	2.0783432539772093	0.13870654749737685
Quarantine	202002	0.0	2.026167035647518	1.4949642409811048
simp	202002	0.0	1.309088070440329	0.22654780320838191
mald	201908	0.0	0.8497541913061966	0.3162773822001513
corona	202001	0.003	3.501687596234837	2.508330033584654
Corona	202001	0.003	3.09864119505689	2.3967889451524016
virus	202001	0.015	1.757617519657148	0.37647057027165604
hongkong	201907	0.019	0.5033056782279914	0.6055965238785889
boomer	201912	0.022	0.9983646556892757	0.8068681994317662

==> 30s_results/changepoint/sg1_targets/time_series_analysis_standardized_output_f201905_l202004_alast_clast_mcosine_k25_s1000_p0.05_g0_v75.tsv <==
quarantine	202002	0.0	4.255280642201777	1.3849226563290238
rona	202002	0.0	4.157778677931784	0.23324945648942197
corona	201912	0.0	4.1363713670437585	2.668883650341631
lockdown	202002	0.0	4.048319105771672	1.430774457540108
stimulus	202002	0.0	3.9522343758159035	3.754081392275539
Quarantine	202002	0.0	3.839028021814569	2.6408345127519217
lockdowns	202002	0.0	3.1592088733311314	1.49140541875986
mald	201905	0.0	2.00136936114943	1.1499660828216944
simp	201909	0.0	1.819923528978907	0.7930898075849141
virus	201912	0.0	1.8119791398567007	0.293253386509644
boomer	201905	0.0	0.8976872331091543	0.2192037097156922
Corona	201912	0.001	3.7377833066149733	2.4623855029222312
hongkong	201905	0.002	0.7722868888435295	1.057314113996518
