==> ungrouped_results/changepoint/sg0_targets/time_series_analysis_standardized_output_f201905_l202004_afirst_cfirst_mcosine_k25_s1000_p0.05_g0_v75.tsv <==
corona	202001	0.0	3.939623866732967	1.9768026431180703
lockdown	202002	0.0	3.576963507749828	0.016705765754287918
Corona	202001	0.0	3.3144363242370347	1.5766420172925195
stimulus	202002	0.0	3.0565929621454435	0.05185102767983304
quarantine	202003	0.0	2.4733415870422992	2.329822734644972
rona	202002	0.0	2.4374555645119877	2.0346551232889385
simp	202003	0.0	1.1532355482054564	0.785095926554765
mald	201910	0.0	0.894992049291385	2.479887292364998

==> ungrouped_results/changepoint/sg0_targets/time_series_analysis_standardized_output_f201905_l202004_alast_clast_mcosine_k25_s1000_p0.05_g0_v75.tsv <==
stimulus	202002	0.0	4.640999094207374	4.58340575197755
quarantine	202002	0.0	4.498215845754226	1.403136666232124
mald	201905	0.0	4.471017516350691	3.5658862415440886
lockdown	202002	0.0	4.397708766881993	1.6984741114628772
corona	201912	0.0	4.3589052842276175	3.1083195057596678
Corona	201912	0.0	4.112692407608127	3.3823418413036586
virus	201912	0.0	1.797413126961663	0.16214902860279237
simp	201905	0.0	1.7497670391498068	1.2659348973677729
hongkong	201905	0.0	0.9476555975728307	1.28430428364641
rona	201912	0.001	2.7440696982093695	3.246927798188811
hong	201911	0.021	0.43849450589094663	0.28740247754213355

==> ungrouped_results/changepoint/sg1_targets/time_series_analysis_standardized_output_f201905_l202004_afirst_cfirst_mcosine_k25_s1000_p0.05_g0_v75.tsv <==
corona	202001	0.0	3.035906615739542	1.7602251759595957
stimulus	202002	0.0	2.8907604922911707	0.948123999863372
quarantine	202003	0.0	2.3386366431451036	2.4565487519343874
rona	202002	0.0	1.79792405703438	1.2167301372160848
mald	201906	0.0	1.1719669553136507	0.5793396978373441
simp	202003	0.0	0.9143664368227848	0.2665551025955795
lockdown	202003	0.003	3.3080508267449793	2.658324281028975
Corona	202001	0.006	2.4639793793069433	1.5105915023355903
virus	202002	0.014	1.6093545959659386	0.0067139695706745035

==> ungrouped_results/changepoint/sg1_targets/time_series_analysis_standardized_output_f201905_l202004_alast_clast_mcosine_k25_s1000_p0.05_g0_v75.tsv <==
quarantine	202002	0.0	4.514704294886783	1.7984219092742952
lockdown	202002	0.0	4.35599056129853	2.143064834772348
rona	202002	0.0	4.295878850359405	0.3926076486176297
corona	201912	0.0	4.117342592762752	2.416065598240574
stimulus	202002	0.0	4.07695256477281	3.4134322584633088
mald	201905	0.0	2.49431305676156	1.735643851132213
simp	201909	0.0	1.990676537808819	0.6132773384138335
virus	201912	0.0	1.7752817555240543	0.20878520660358277
Corona	201912	0.002	3.567923489763625	2.3713350040994836
hongkong	201905	0.04	0.5749598512472939	1.4516069362213082
